1. 3142 7282
2. 3930 918
3. 5443 5995
4. 2426 6632
5. 527 226
6. 5569 7298
7. 1790 8683
8. 2872 8330
9. 7903 2227
10. 9381 2958
11. 191 6180
12. 996 5273
13. 8881 5868
14. 295 8604
15. 3353 3230
16. 349 2847
17. 513 632
18. 3765 5956
19. 6627 6191
20. 8940 7154
21. 6417 861
22. 4452 8207
23. 5897 7324
24. 2889 3800
25. 5903 8622
26. 3110 6095
27. 4803 458
28. 1368 36
29. 6326 8016
30. 4992 9679
31. 1246 1694
32. 8878 1759
33. 2326 2643
34. 4067 8953
35. 5186 9359
36. 6107 1603
37. 221 6911
38. 6162 6118
39. 587 5404
40. 9918 2843
41. 4026 9380
42. 8938 5181
43. 9838 6658
44. 5217 6164
45. 1026 6562
46. 2196 8625
47. 8256 1074
48. 384 6934
49. 70 804
50. 2239 5256
51. 163 4698
52. 3212 6736
53. 1609 5726
54. 2854 2196
55. 1130 9124
56. 5039 5157
57. 8504 329
58. 338 8342
59. 3340 1908
60. 859 4366
61. 4822 9407
62. 2991 9430
63. 6833 9728
64. 6364 6903
65. 6884 8603
66. 8512 3399
67. 3301 1724
68. 6488 1262
69. 7450 9342
70. 9810 4933
71. 4819 1202
72. 90 9675
73. 7883 6780
74. 4370 1223
75. 5040 1581
76. 1942 9862
77. 988 1285
78. 9292 4173
79. 7365 5656
80. 7429 601
81. 611 5941
82. 4001 264
83. 4017 489
84. 7878 7819
85. 6183 7689
86. 2752 7354
87. 5243 9194
88. 7030 3126
89. 5975 1400
90. 702 7367
91. 2981 2644
92. 7230 321
93. 281 6522
94. 4494 7647
95. 8531 1923
96. 8248 5494
97. 4216 8601
98. 5759 8233
99. 5442 9989
100. 2405 7978
101. 7678 5157
102. 5332 2921
103. 704 2362
104. 2400 6679
105. 114 3102
106. 398 9447
107. 2098 7628
108. 9768 2379
109. 503 615
110. 26 9034
111. 2538 4627
112. 880 3107
113. 3228 2991
114. 1340 5023
115. 2981 3745
116. 3001 7011
117. 5255 4685
118. 6285 5959
119. 3400 8685
120. 8990 3514
121. 1787 9388
122. 2962 3885
123. 3369 9082
124. 2616 3872
125. 9697 2643
126. 9258 8588
127. 3622 138
128. 1695 3202
129. 3130 9387
130. 8225 2463
131. 9485 7578
132. 9474 4740
133. 2264 5759
134. 7051 5664
135. 796 2393
136. 5530 8935
137. 1781 4844
138. 2820 1502
139. 3927 1789
140. 5374 9976
141. 4432 984
142. 8564 8054
143. 1123 259
144. 7608 605
145. 9647 5834
146. 3068 5484
147. 9764 8894
148. 224 2028
149. 1006 3627
150. 4044 1802
151. 6020 9575
152. 738 4153
153. 4419 9910
154. 5656 4698
155. 1699 7382
156. 4675 6131
157. 8367 3239
158. 537 5842
159. 9851 8146
160. 6447 5850
161. 332 5867
162. 1334 96
163. 1113 7910
164. 8477 2119
165. 1537 2521
166. 3922 3909
167. 8448 4660
168. 4414 9220
169. 4570 70
170. 3918 2622
171. 3805 4945
172. 8753 2172
173. 8185 5643
174. 8014 4388
175. 141 813
176. 238 473
177. 3032 1572
178. 6921 497
179. 5834 5398
180. 2617 7371
181. 4272 2891
182. 7632 2720
183. 3903 2046
184. 8292 4825
185. 8469 2211
186. 7447 2274
187. 7156 2553
188. 4446 1693
189. 8196 8812
190. 6081 4689
191. 5977 2671
192. 1514 5361
193. 4243 8435
194. 5858 77
195. 186 4827
196. 3800 810
197. 7718 7784
198. 9882 7973
199. 9831 8175
200. 2799 8300
201. 386 246
202. 574 3894
203. 2799 1372
204. 1940 7347
205. 6536 4373
206. 2036 8865
207. 7045 9902
208. 578 7640
209. 8338 2788
210. 4070 4876
211. 7616 4222
212. 5686 1686
213. 2007 5568
214. 9660 8190
215. 3743 8811
216. 6490 481
217. 9057 3416
218. 728 8209
219. 1140 9020
220. 5556 4028
221. 3393 3945
222. 2893 6790
223. 3847 9823
224. 4431 8537
225. 2611 4853
226. 3413 6579
227. 9075 5451
228. 4618 1082
229. 7372 630
230. 9272 7467
231. 9441 2114
232. 4301 8498
233. 1882 1381
234. 6707 3022
235. 401 8616
236. 7050 146
237. 2561 6295
238. 6937 6408
239. 2470 1368
240. 4946 5082
241. 6221 4711
242. 8013 1648
243. 163 2631
244. 9083 7535
245. 3261 8355
246. 1354 2702
247. 6822 5655
248. 7553 8704
249. 7036 612
250. 1727 7437
251. 5580 5129
252. 7584 8141
253. 7777 873
254. 902 247
255. 2241 5848
256. 1681 4814
257. 559 9695
258. 2814 7074
259. 2326 1897
260. 961 1940
261. 6605 2316
262. 994 3427
263. 7971 4899
264. 2131 5008
265. 1864 210
266. 8797 7444
267. 1692 2733
268. 5586 5821
269. 3606 2840
270. 2420 2199
271. 8688 4102
272. 3365 5599
273. 149 6180
274. 9026 8827
275. 8077 9987
276. 767 1034
277. 8655 8114
278. 4461 6627
279. 3013 2945
280. 7987 4877
281. 9507 3136
282. 2322 7551
283. 5870 4260
284. 3372 5828
285. 7100 5793
286. 8028 2140
287. 6247 1393
288. 4091 6396
289. 3925 3117
290. 1575 8355
291. 9457 2343
292. 9389 8112
293. 457 203
294. 1091 9822
295. 9500 5430
296. 4700 9007
297. 8567 3374
298. 2911 789
299. 7634 6283
300. 6617 1086
301. 8428 4645
302. 9578 1027
303. 2391 3669
304. 7423 6316
305. 6787 8999
306. 4671 2596
307. 7694 413
308. 708 4503
309. 616 8152
310. 4325 116
311. 3582 5377
312. 5475 8501
313. 5103 8386
314. 9290 2737
315. 1022 2260
316. 175 9450
317. 6905 9753
318. 6830 5648
319. 3423 4253
320. 8317 6562
321. 9604 9340
322. 5510 3650
323. 9753 2570
324. 4505 6721
325. 722 5183
326. 6837 657
327. 6912 8665
328. 9158 2016
329. 7051 4801
330. 1105 8073
331. 7061 1281
332. 3876 318
333. 7386 706
334. 5967 7161
335. 1311 4284
336. 3723 7268
337. 9976 5585
338. 7270 9730
339. 8156 1776
340. 6451 8878
341. 3311 9641
342. 5887 223
343. 8306 5046
344. 2239 1709
345. 9847 3345
346. 9783 3260
347. 4626 11
348. 3578 2012
349. 7069 5897
350. 9174 8380
351. 6533 9249
352. 2000 6510
353. 4835 9271
354. 6240 9343
355. 7399 9043
356. 4573 710
357. 5036 461
358. 933 9694
359. 1859 3173
360. 1404 8058
361. 6518 7539
362. 1318 7496
363. 7550 4896
364. 5860 4619
365. 7146 1386
366. 9351 3679
367. 636 1352
368. 189 1823
369. 6975 2781
370. 7518 4374
371. 8177 2091
372. 5084 9565
373. 2552 2369
374. 9260 4411
375. 5542 664
376. 2469 8412
377. 8203 3787
378. 5908 2105
379. 5036 1769
380. 3076 8534
381. 3155 8779
382. 2213 143
383. 131 8755
384. 8318 3458
385. 7888 5836
386. 4184 2417
387. 7928 9268
388. 1983 6832
389. 7990 1243
390. 1244 3532
391. 1907 65
392. 1945 6462
393. 205 4205
394. 8567 1593
395. 5974 1643
396. 127 5482
397. 422 8692
398. 1977 6906
399. 3799 296
400. 6716 1688
401. 2484 901
402. 457 6764
403. 6521 2440
404. 3597 4511
405. 35 1193
406. 4396 1942
407. 7610 2693
408. 4756 7815
409. 6898 3323
410. 5760 9225
411. 1318 5887
412. 1059 8093
413. 932 3036
414. 1351 4731
415. 9684 8067
416. 2771 8521
417. 5320 3229
418. 5285 1842
419. 2021 5234
420. 2705 2057
421. 6427 7101
422. 351 390
423. 9794 5108
424. 8205 3045
425. 8431 3966
426. 2270 6102
427. 6205 3329
428. 547 7137
429. 2717 1898
430. 1869 2402
431. 6317 992
432. 7275 1638
433. 4221 2560
434. 9832 6243
435. 7795 8889
436. 4652 574
437. 2343 5003
438. 964 8489
439. 111 5522
440. 1534 4895
441. 5840 156
442. 997 2045
443. 3485 1544
444. 5535 2555
445. 9794 3756
446. 1309 6111
447. 4748 8584
448. 4101 5322
449. 1144 285
450. 1565 5291
451. 9175 6217
452. 2218 1518
453. 7572 9534
454. 7 7684
455. 1408 7894
456. 2579 7248
457. 8050 9928
458. 5646 7888
459. 7824 1181
460. 443 7618
461. 1289 8104
462. 81 6037
463. 6688 4183
464. 1359 4184
465. 4468 9276
466. 5828 9995
467. 1845 8046
468. 1513 9418
469. 3932 7873
470. 7102 5341
471. 2119 6033
472. 8941 169
473. 5961 4587
474. 4409 3785
475. 2120 1204
476. 1403 9761
477. 9308 1484
478. 5799 5996
479. 2019 3510
480. 6533 2840
481. 2787 2361
482. 2835 984
483. 6759 4349
484. 402 691
485. 8574 3856
486. 2384 693
487. 9889 1326
488. 7214 5850
489. 2265 1624
490. 5987 738
491. 9180 3742
492. 499 8489
493. 1579 2650
494. 837 3598
495. 6161 7370
496. 6438 5300
497. 6083 9274
498. 6284 2842
499. 9975 6687
500. 9886 4901
501. 543 8622
502. 5594 6785
503. 6300 9160
504. 2635 4918
505. 7136 4975
506. 5656 6317
507. 8717 2507
508. 4806 296
509. 5158 5643
510. 3895 7671
511. 9366 6685
512. 2971 5449
513. 2311 5607
514. 4644 2286
515. 8646 882
516. 7187 9190
517. 9504 9133
518. 5975 5805
519. 4646 4962
520. 723 1782
521. 9937 2731
522. 8099 8655
523. 1590 2905
524. 5303 3100
525. 4901 5550
526. 771 4267
527. 2236 94
528. 6068 4547
529. 2054 712
530. 3186 700
531. 1594 6725
532. 9890 7451
533. 5859 2217
534. 3256 505
535. 3532 331
536. 2287 3469
537. 9414 6739
538. 8476 7356
539. 9644 3780
540. 457 897
541. 5682 7580
542. 5164 7918
543. 4027 7585
544. 8818 6081
545. 8297 2004
546. 6781 6244
547. 8729 3024
548. 3695 940
549. 5241 3303
550. 7797 5125
551. 3634 85
552. 4947 9400
553. 3176 9775
554. 6756 2820
555. 9907 3565
556. 3718 5590
557. 1146 5234
558. 3508 5173
559. 2819 2326
560. 7606 7469
561. 4330 4387
562. 3713 9412
563. 7411 7408
564. 352 9005
565. 7063 8150
566. 4130 7049
567. 4587 9077
568. 6449 7763
569. 8853 9557
570. 6935 5112
571. 3123 7005
572. 702 621
573. 2240 4211
574. 2146 5059
575. 2889 9752
576. 8880 3572
577. 4139 2593
578. 2984 7903
579. 6353 9688
580. 6908 3416
581. 4190 7390
582. 465 5129
583. 2820 3266
584. 2892 8025
585. 9176 6180
586. 3137 8651
587. 3185 3840
588. 9272 5425
589. 4403 7770
590. 6837 7292
591. 3874 5717
592. 7216 4365
593. 4663 200
594. 2268 7368
595. 6241 5528
596. 785 431
597. 2919 7602
598. 5561 2091
599. 7221 4805
600. 116 6397
601. 7337 3253
602. 1400 523
603. 3445 7024
604. 2300 7848
605. 4794 5489
606. 1493 8668
607. 1207 8709
608. 3033 2222
609. 5262 1654
610. 9590 1503
611. 7182 6727
612. 8286 6453
613. 682 3847
614. 8544 7903
615. 5005 8660
616. 652 2342
617. 8266 2052
618. 2865 1711
619. 5428 1518
620. 5912 222
621. 7007 7405
622. 5242 4566
623. 6114 4627
624. 6788 1376
625. 6281 6379
626. 9231 9816
627. 9458 7518
628. 6269 140
629. 7717 4814
630. 4395 2722
631. 9826 5047
632. 1417 4444
633. 3451 634
634. 2508 5231
635. 2152 8420
636. 5453 5512
637. 2177 7047
638. 78 4643
639. 8027 6867
640. 2372 660
641. 9598 1603
642. 476 5408
643. 5473 3098
644. 5549 3191
645. 4264 9944
646. 2265 4090
647. 1344 34
648. 4887 1147
649. 669 7395
650. 6379 9173
651. 2167 8184
652. 4685 4344
653. 1584 4764
654. 8987 9611
655. 7983 1359
656. 271 7581
657. 9315 7100
658. 2989 4788
659. 198 4890
660. 4331 4462
661. 1187 6597
662. 4904 8883
663. 6631 9791
664. 30 3652
665. 3538 2761
666. 2826 5705
667. 7298 3863
668. 49 8882
669. 4979 5389
670. 4845 2962
671. 3100 1468
672. 6895 2415
673. 8568 6237
674. 3556 5118
675. 1127 7887
676. 5932 8666
677. 836 837
678. 7549 3820
679. 6980 3932
680. 3824 519
681. 3045 3002
682. 6224 343
683. 6866 6274
684. 5577 1845
685. 8015 6774
686. 1160 1115
687. 8243 8055
688. 9883 3163
689. 644 3439
690. 4634 8124
691. 7678 566
692. 6790 8515
693. 7755 4340
694. 8687 4736
695. 4624 2511
696. 1607 7669
697. 5514 7831
698. 8013 2380
699. 457 9942
700. 577 8472
701. 6717 1737
702. 5940 1312
703. 6145 5823
704. 4475 6789
705. 9262 5461
706. 4913 6940
707. 6028 8056
708. 1807 3783
709. 8748 6846
710. 4871 3372
711. 9358 6478
712. 1041 4872
713. 662 5406
714. 3604 1119
715. 5349 533
716. 5944 8418
717. 8623 1884
718. 9730 4768
719. 7707 557
720. 7909 3321
721. 6019 9175
722. 6613 2047
723. 7231 8421
724. 2182 5979
725. 1619 3406
726. 5703 977
727. 9884 3096
728. 2201 6898
729. 8503 2157
730. 4370 204
731. 9043 314
732. 8622 7666
733. 8550 8352
734. 8786 2609
735. 8909 3047
736. 5930 1280
737. 2222 2543
738. 3327 5805
739. 7316 1862
740. 8136 8936
741. 5268 3839
742. 6265 1504
743. 3288 4819
744. 8403 1791
745. 6976 9125
746. 8347 2371
747. 9439 6969
748. 37 4341
749. 1673 5175
750. 6950 6934
751. 8223 9232
752. 8215 6797
753. 8127 7894
754. 8955 1796
755. 6108 7091
756. 7084 1376
757. 7283 3349
758. 9233 571
759. 8168 3988
760. 8714 1497
761. 3113 7061
762. 3868 8904
763. 4030 258
764. 9597 2055
765. 1785 2899
766. 8989 8
767. 2131 7204
768. 3158 6610
769. 1451 2113
770. 8406 7559
771. 9204 5490
772. 5288 2839
773. 8840 4521
774. 3410 3360
775. 4861 2124
776. 1209 4326
777. 9185 1430
778. 9582 9567
779. 8040 9179
780. 1622 9825
781. 2078 6964
782. 6186 561
783. 520 9344
784. 7171 1971
785. 1457 5578
786. 5883 7013
787. 1068 1171
788. 9853 6260
789. 2044 9615
790. 5973 3257
791. 1740 7182
792. 7583 7277
793. 4964 7165
794. 3197 3004
795. 2696 1171
796. 2830 4774
797. 8135 5368
798. 5335 5008
799. 4712 8858
800. 3331 2521
801. 4436 9214
802. 9534 1857
803. 385 9387
804. 8117 8781
805. 9003 4090
806. 2038 7095
807. 7625 5973
808. 724 2589
809. 3138 3921
810. 1946 5834
811. 1445 1128
812. 6960 9580
813. 6496 8647
814. 940 1208
815. 7506 4272
816. 3729 1942
817. 9838 9615
818. 151 6576
819. 5355 8269
820. 5357 4358
821. 8711 3748
822. 7805 6336
823. 9721 8529
824. 5278 2860
825. 8803 7224
826. 5046 248
827. 4704 8359
828. 6180 1200
829. 7006 7121
830. 8760 4512
831. 7745 8841
832. 2807 7583
833. 8456 2958
834. 4159 3811
835. 1227 9517
836. 4521 6291
837. 3265 2326
838. 8979 9338
839. 7208 4257
840. 8550 6011
841. 7833 3597
842. 2611 2537
843. 1956 8791
844. 89 5314
845. 2264 8849
846. 9827 9
847. 7690 2634
848. 7593 6147
849. 1944 8104
850. 6310 3172
851. 7621 832
852. 5815 7238
853. 3158 4794
854. 2929 6718
855. 5404 1479
856. 9081 9589
857. 1428 1692
858. 2127 3384
859. 6836 8568
860. 5051 9100
861. 7418 4878
862. 5462 1460
863. 3864 3055
864. 7607 5808
865. 7511 3918
866. 5332 1485
867. 1102 1147
868. 5075 4260
869. 2294 8004
870. 7331 7698
871. 9484 6412
872. 3639 912
873. 8105 5766
874. 649 1293
875. 687 5700
876. 393 8105
877. 578 5855
878. 9565 794
879. 5262 3525
880. 2954 2774
881. 3795 8287
882. 4259 4897
883. 5786 9334
884. 5509 8080
885. 7339 2840
886. 2130 3175
887. 9253 5770
888. 4087 3710
889. 7888 4736
890. 1355 8575
891. 436 1748
892. 3032 7366
893. 3956 2598
894. 4512 9218
895. 2475 7467
896. 8344 6270
897. 5754 8955
898. 1167 7892
899. 4642 6676
900. 2325 1981
901. 5869 807
902. 5156 1474
903. 6577 5595
904. 1536 818
905. 332 2891
906. 5745 7120
907. 4639 8778
908. 4487 8595
909. 7728 5351
910. 4166 203
911. 2818 8862
912. 2825 8572
913. 7818 3992
914. 2817 2460
915. 7020 5142
916. 793 2889
917. 5949 2301
918. 4363 8879
919. 7896 5899
920. 9697 4580
921. 5142 1794
922. 1701 9782
923. 6924 2540
924. 4729 4652
925. 7891 5247
926. 1207 710
927. 4110 384
928. 5634 1928
929. 4376 8451
930. 740 7749
931. 9945 1533
932. 6990 5895
933. 186 1354
934. 4774 4434
935. 3605 823
936. 9015 8748
937. 8969 7068
938. 4882 5894
939. 9608 5963
940. 6898 3851
941. 1211 4458
942. 913 5321
943. 4842 2900
944. 3601 9219
945. 7703 693
946. 3320 7649
947. 8578 310
948. 3544 8764
949. 8016 4670
950. 3198 7974
951. 1845 8565
952. 3074 814
953. 5633 7956
954. 3060 1593
955. 271 9959
956. 1797 1482
957. 4417 2710
958. 3155 9259
959. 5610 6756
960. 4830 9666
961. 7449 8150
962. 7315 6027
963. 4813 7211
964. 1143 2829
965. 8233 694
966. 803 78
967. 9259 229
968. 7244 1245
969. 4537 305
970. 2838 4809
971. 264 987
972. 6291 4681
973. 3698 9447
974. 292 5660
975. 2555 5123
976. 5326 6357
977. 9625 8993
978. 8736 4438
979. 6204 9880
980. 7268 4437
981. 6926 4423
982. 867 6185
983. 4653 8112
984. 7430 5542
985. 4769 6621
986. 351 5033
987. 7608 6643
988. 6066 7658
989. 2442 6358
990. 9671 1349
991. 7833 1349
992. 7706 7459
993. 343 2795
994. 1897 2899
995. 9027 5517
996. 7337 5953
997. 9941 4556
998. 8490 946
999. 9020 2273
1000. 6488 3789
